image: generated_map.png
resolution: 0.02
origin: [-59.9767090845, -34.9685606104, 3.1415926]
negate: 0
occupied_thresh: 0.65
free_thresh: 0.196
