image: generated_map.png
resolution: 0.02
origin: [-68.44999908447265, -41.850000610351564, 0.0000]
negate: 0
occupied_thresh: 0.65
free_thresh: 0.196
